Date	Clock	Pressure	Temperature	dP	Std.OilFlowrate	WaterFlowrate	Std.GasFlowrate	Act.GasFlowrate	GOR(std)	Act.OilFlowrate	Act.Watercut	Std.Watercut	Act.GVF	Std.GVF	OilDensity	WaterDensity	GasDensity	Density	Permittivity	Conductivity	Act.OilMassRate	Act.WaterMassRate	Act.GasMassRate	Std.OilMassRate	Std.WaterMassRate	Std.GasMassRate	Std.AccumOilVol	AccumWaterVol	Std.AccumGasVol	Std.AccumGasVol	
2016-09-08	00:00:00	0.000000	91.494455	-0.652187	0.000000	0.000000	0.000000	0.000000	0.000000	0.000000	0.000000	0.000000	99.403357	99.188997	900.847000	1118.400569	0.757209	15.964463	0.989480	0.289975	0.000000	0.000000	0.000000	0.000000	0.000000	0.000000	5941.529092	2407.432168	3.027652	3.027652	
2016-09-08	00:01:00	0.000000	91.463249	-0.711790	0.000000	0.000000	0.000000	0.000000	0.000000	0.000000	0.000000	0.000000	99.200986	99.295184	900.847000	1118.407055	0.756532	8.346182	0.989438	0.289975	0.000000	0.000000	0.000000	0.000000	0.000000	0.000000	5941.529092	2407.432168	3.027652	3.027652	
2016-09-08	00:02:00	0.000000	91.436507	-0.689774	0.000000	0.000000	0.000000	0.000000	0.000000	0.000000	0.000000	0.000000	99.546684	99.546684	900.847000	1118.411350	0.757435	4.884751	0.989487	0.289975	0.000000	0.000000	0.000000	0.000000	0.000000	0.000000	5941.529092	2407.432168	3.027652	3.027652	
2016-09-08	00:03:00	0.000000	91.398258	-0.654341	0.000000	0.000000	0.000000	0.000000	0.000000	0.000000	0.000000	0.000000	99.295246	99.295246	900.847000	1118.419509	0.757247	19.803518	0.989449	0.289975	0.000000	0.000000	0.000000	0.000000	0.000000	0.000000	5941.529092	2407.432168	3.027652	3.027652	
2016-09-08	00:04:00	0.000000	91.373196	-0.646963	0.000000	0.000000	0.000000	0.000000	0.000000	0.000000	0.000000	0.000000	99.563328	99.690265	900.847000	1118.424842	0.757695	4.982213	0.989405	0.289975	0.000000	0.000000	0.000000	0.000000	0.000000	0.000000	5941.529092	2407.432168	3.027652	3.027652	
2016-09-08	00:05:00	0.000000	91.328333	-0.691132	0.000000	0.000000	0.000000	0.000000	0.000000	0.000000	0.000000	0.000000	99.131883	99.136602	900.847000	1118.431793	0.757138	11.093306	0.989235	0.289975	0.000000	0.000000	0.000000	0.000000	0.000000	0.000000	5941.529092	2407.432168	3.027652	3.027652	
2016-09-08	00:06:00	0.000000	91.320436	-0.721920	0.000000	0.000000	0.000000	0.000000	0.000000	0.000000	0.000000	0.000000	98.748176	98.655471	900.847000	1118.433773	0.756322	14.625850	0.989210	0.289975	0.000000	0.000000	0.000000	0.000000	0.000000	0.000000	5941.529092	2407.432168	3.027652	3.027652	
2016-09-08	00:07:00	0.000000	91.284000	-0.682433	0.000000	0.000000	0.000000	0.000000	0.000000	0.000000	0.000000	0.000000	99.164104	99.163719	900.847000	1118.440128	0.756873	11.334059	0.989180	0.289975	0.000000	0.000000	0.000000	0.000000	0.000000	0.000000	5941.529092	2407.432168	3.027652	3.027652	
2016-09-08	00:08:00	0.000000	91.263564	-0.667841	0.000000	0.000000	0.000000	0.000000	0.000000	0.000000	0.000000	0.000000	99.210944	99.180324	900.847000	1118.442822	0.756713	16.416321	0.989154	0.289975	0.000000	0.000000	0.000000	0.000000	0.000000	0.000000	5941.529092	2407.432168	3.027652	3.027652	
2016-09-08	00:09:00	0.000000	91.222740	-0.614487	0.000000	0.000000	0.000000	0.000000	0.000000	0.000000	0.000000	0.000000	99.731688	99.698982	900.847000	1118.450014	0.756890	5.091286	0.989147	0.289975	0.000000	0.000000	0.000000	0.000000	0.000000	0.000000	5941.529092	2407.432168	3.027652	3.027652	
2016-09-08	00:10:00	0.000000	91.190360	-0.666518	0.000000	0.000000	0.000000	0.000000	0.000000	0.000000	0.000000	0.000000	99.336592	99.336592	900.847000	1118.455947	0.757268	16.287953	0.989157	0.289975	0.000000	0.000000	0.000000	0.000000	0.000000	0.000000	5941.529092	2407.432168	3.027652	3.027652	
2016-09-08	00:11:00	0.000000	91.166989	-0.682739	0.000000	0.000000	0.000000	0.000000	0.000000	0.000000	0.000000	0.000000	99.318888	99.219625	900.847000	1118.460937	0.756944	10.193162	0.989192	0.289975	0.000000	0.000000	0.000000	0.000000	0.000000	0.000000	5941.529092	2407.432168	3.027652	3.027652	
2016-09-08	00:12:00	0.000000	91.146436	-0.644973	0.000000	0.000000	0.000000	0.000000	0.000000	0.000000	0.000000	0.000000	99.364569	99.131735	900.847000	1118.464958	0.756799	22.670429	0.989189	0.289975	0.000000	0.000000	0.000000	0.000000	0.000000	0.000000	5941.529092	2407.432168	3.027652	3.027652	
2016-09-08	00:13:00	0.000000	91.107118	-0.718692	0.000000	0.000000	0.000000	0.000000	0.000000	0.000000	0.000000	0.000000	99.055859	98.842285	900.847000	1118.472000	0.757153	20.951116	0.989168	0.289975	0.000000	0.000000	0.000000	0.000000	0.000000	0.000000	5941.529092	2407.432168	3.027652	3.027652	
2016-09-08	00:14:00	0.000000	91.088274	-0.720960	0.000000	0.000000	0.000000	0.000000	0.000000	0.000000	0.000000	0.000000	98.962218	99.127086	900.847000	1118.475969	0.757979	11.087863	0.989206	0.289975	0.000000	0.000000	0.000000	0.000000	0.000000	0.000000	5941.529092	2407.432168	3.027652	3.027652	
2016-09-08	00:15:00	0.000000	91.047316	-0.727649	0.000000	0.000000	0.000000	0.000000	0.000000	0.000000	0.000000	0.000000	99.167242	99.343344	900.847000	1118.482394	0.758447	6.214184	0.989163	0.289975	0.000000	0.000000	0.000000	0.000000	0.000000	0.000000	5941.529092	2407.432168	3.027652	3.027652	
2016-09-08	00:16:00	0.000000	91.024236	-0.763035	0.000000	0.000000	0.000000	0.000000	0.000000	0.000000	0.000000	0.000000	98.796505	98.894085	900.847000	1118.487542	0.758437	23.391101	0.989154	0.289975	0.000000	0.000000	0.000000	0.000000	0.000000	0.000000	5941.529092	2407.432168	3.027652	3.027652	
2016-09-08	00:17:00	0.000000	90.999285	-0.740762	0.000000	0.000000	0.000000	0.000000	0.000000	0.000000	0.000000	0.000000	99.288543	99.122835	900.847000	1118.491592	0.758478	5.215880	0.989187	0.289975	0.000000	0.000000	0.000000	0.000000	0.000000	0.000000	5941.529092	2407.432168	3.027652	3.027652	
2016-09-08	00:18:00	0.000000	90.967269	-0.700298	0.000000	0.000000	0.000000	0.000000	0.000000	0.000000	0.000000	0.000000	99.564919	99.649893	900.847000	1118.497253	0.758867	3.791025	0.989150	0.289975	0.000000	0.000000	0.000000	0.000000	0.000000	0.000000	5941.529092	2407.432168	3.027652	3.027652	
2016-09-08	00:19:00	0.000000	90.931220	-0.629280	0.000000	0.000000	0.000000	0.000000	0.000000	0.000000	0.000000	0.000000	99.711043	99.711043	900.847000	1118.503699	0.758383	10.914928	0.989012	0.289975	0.000000	0.000000	0.000000	0.000000	0.000000	0.000000	5941.529092	2407.432168	3.027652	3.027652	
2016-09-08	00:20:00	0.000000	90.925848	-0.768455	0.000000	0.000000	0.000000	0.000000	0.000000	0.000000	0.000000	0.000000	98.752472	98.865517	900.847000	1118.505358	0.758995	16.975131	0.989023	0.289975	0.000000	0.000000	0.000000	0.000000	0.000000	0.000000	5941.529092	2407.432168	3.027652	3.027652	
2016-09-08	00:21:00	0.000000	90.910339	-0.795704	0.000000	0.000000	0.000000	0.000000	0.000000	0.000000	0.000000	0.000000	98.723675	98.880965	900.847000	1118.508185	0.759456	9.615529	0.989061	0.289975	0.000000	0.000000	0.000000	0.000000	0.000000	0.000000	5941.529092	2407.432168	3.027652	3.027652	
2016-09-08	00:22:00	0.000000	90.871571	-0.746118	0.000000	0.000000	0.000000	0.000000	0.000000	0.000000	0.000000	0.000000	98.935157	98.858090	900.847000	1118.515141	0.758860	15.007059	0.989102	0.289975	0.000000	0.000000	0.000000	0.000000	0.000000	0.000000	5941.529092	2407.432168	3.027652	3.027652	
2016-09-08	00:23:00	0.000000	90.841306	-0.691392	0.000000	0.000000	0.000000	0.000000	0.000000	0.000000	0.000000	0.000000	99.418431	99.435079	900.847000	1118.520045	0.759952	12.013768	0.989103	0.289975	0.000000	0.000000	0.000000	0.000000	0.000000	0.000000	5941.529092	2407.432168	3.027652	3.027652	
2016-09-08	00:24:00	0.000000	90.802966	-0.746608	0.000000	0.000000	0.000000	0.000000	0.000000	0.000000	0.000000	0.000000	99.158278	99.356921	900.847000	1118.526857	0.759364	11.056779	0.989096	0.289975	0.000000	0.000000	0.000000	0.000000	0.000000	0.000000	5941.529092	2407.432168	3.027652	3.027652	
2016-09-08	00:25:00	0.000000	90.775233	-0.769881	0.000000	0.000000	0.000000	0.000000	0.000000	0.000000	0.000000	0.000000	98.782674	98.782674	900.847000	1118.531608	0.759620	15.378617	0.989055	0.289975	0.000000	0.000000	0.000000	0.000000	0.000000	0.000000	5941.529092	2407.432168	3.027652	3.027652	
2016-09-08	00:26:00	0.000000	90.764464	-0.750409	0.000000	0.000000	0.000000	0.000000	0.000000	0.000000	0.000000	0.000000	99.350560	99.350560	900.847000	1118.533920	0.759050	7.769361	0.988985	0.289975	0.000000	0.000000	0.000000	0.000000	0.000000	0.000000	5941.529092	2407.432168	3.027652	3.027652	
2016-09-08	00:27:00	0.000000	90.733013	-0.760418	0.000000	0.000000	0.000000	0.000000	0.000000	0.000000	0.000000	0.000000	98.726467	98.689573	900.847000	1118.539141	0.758692	19.095339	0.988935	0.289975	0.000000	0.000000	0.000000	0.000000	0.000000	0.000000	5941.529092	2407.432168	3.027652	3.027652	
2016-09-08	00:28:00	0.000000	90.698079	-0.784148	0.000000	0.000000	0.000000	0.000000	0.000000	0.000000	0.000000	0.000000	98.769136	98.824181	900.847000	1118.545987	0.759411	12.773313	0.988967	0.289975	0.000000	0.000000	0.000000	0.000000	0.000000	0.000000	5941.529092	2407.432168	3.027652	3.027652	
2016-09-08	00:29:00	0.000000	90.668693	-0.723228	0.000000	0.000000	0.000000	0.000000	0.000000	0.000000	0.000000	0.000000	99.563816	99.616404	900.847000	1118.549903	0.760274	7.829403	0.988923	0.289975	0.000000	0.000000	0.000000	0.000000	0.000000	0.000000	5941.529092	2407.432168	3.027652	3.027652	
2016-09-08	00:30:00	0.000000	90.655786	-0.744648	0.000000	0.000000	0.000000	0.000000	0.000000	0.000000	0.000000	0.000000	99.307981	99.248664	900.847000	1118.553625	0.759137	10.641334	0.988752	0.289975	0.000000	0.000000	0.000000	0.000000	0.000000	0.000000	5941.529092	2407.432168	3.027652	3.027652	
2016-09-08	00:31:00	0.000000	90.628009	-0.791608	0.000000	0.000000	0.000000	0.000000	0.000000	0.000000	0.000000	0.000000	98.594548	98.366394	900.847000	1118.559659	0.759989	19.098720	0.988747	0.289975	0.000000	0.000000	0.000000	0.000000	0.000000	0.000000	5941.529092	2407.432168	3.027652	3.027652	
2016-09-08	00:32:00	0.000000	90.619122	-0.797965	0.000000	0.000000	0.000000	0.000000	0.000000	0.000000	0.000000	0.000000	98.732572	98.739074	900.847000	1118.560996	0.760719	13.941398	0.988717	0.289975	0.000000	0.000000	0.000000	0.000000	0.000000	0.000000	5941.529092	2407.432168	3.027652	3.027652	
2016-09-08	00:33:00	0.000000	90.573380	-0.763851	0.000000	0.000000	0.000000	0.000000	0.000000	0.000000	0.000000	0.000000	98.748114	98.941085	900.847000	1118.567959	0.760336	21.085500	0.988747	0.289975	0.000000	0.000000	0.000000	0.000000	0.000000	0.000000	5941.529092	2407.432168	3.027652	3.027652	
2016-09-08	00:34:00	0.000000	90.545053	-0.764724	0.000000	0.000000	0.000000	0.000000	0.000000	0.000000	0.000000	0.000000	99.101235	99.105253	900.847000	1118.573408	0.759712	7.653407	0.988718	0.289975	0.000000	0.000000	0.000000	0.000000	0.000000	0.000000	5941.529092	2407.432168	3.027652	3.027652	
2016-09-08	00:35:00	0.000000	90.538493	-0.826418	0.000000	0.000000	0.000000	0.000000	0.000000	0.000000	0.000000	0.000000	98.597677	98.596889	900.847000	1118.575677	0.759984	15.037908	0.988728	0.289975	0.000000	0.000000	0.000000	0.000000	0.000000	0.000000	5941.529092	2407.432168	3.027652	3.027652	
2016-09-08	00:36:00	0.000000	90.504900	-0.796834	0.000000	0.000000	0.000000	0.000000	0.000000	0.000000	0.000000	0.000000	98.996040	99.065051	900.847000	1118.581005	0.760269	11.955062	0.988775	0.289975	0.000000	0.000000	0.000000	0.000000	0.000000	0.000000	5941.529092	2407.432168	3.027652	3.027652	
2016-09-08	00:37:00	0.000000	90.492944	-0.788323	0.000000	0.000000	0.000000	0.000000	0.000000	0.000000	0.000000	0.000000	99.030428	99.025529	900.847000	1118.582571	0.759993	5.164443	0.988776	0.289975	0.000000	0.000000	0.000000	0.000000	0.000000	0.000000	5941.529092	2407.432168	3.027652	3.027652	
2016-09-08	00:38:00	0.000000	90.466920	-0.742243	0.000000	0.000000	0.000000	0.000000	0.000000	0.000000	0.000000	0.000000	99.261305	98.966735	900.847000	1118.587015	0.760423	8.517617	0.988733	0.289975	0.000000	0.000000	0.000000	0.000000	0.000000	0.000000	5941.529092	2407.432168	3.027652	3.027652	
2016-09-08	00:39:00	0.000000	90.436932	-0.731658	0.000000	0.000000	0.000000	0.000000	0.000000	0.000000	0.000000	0.000000	99.280010	99.468251	900.847000	1118.592618	0.760295	11.431062	0.988739	0.289975	0.000000	0.000000	0.000000	0.000000	0.000000	0.000000	5941.529092	2407.432168	3.027652	3.027652	
2016-09-08	00:40:00	0.000000	90.408468	-0.761477	0.000000	0.000000	0.000000	0.000000	0.000000	0.000000	0.000000	0.000000	98.958221	98.731921	900.847000	1118.598005	0.760655	15.381172	0.988773	0.289975	0.000000	0.000000	0.000000	0.000000	0.000000	0.000000	5941.529092	2407.432168	3.027652	3.027652	
2016-09-08	00:41:00	0.000000	90.366528	-0.811957	0.000000	0.000000	0.000000	0.000000	0.000000	0.000000	0.000000	0.000000	98.573048	98.580063	900.847000	1118.604079	0.760165	19.575516	0.988758	0.289975	0.000000	0.000000	0.000000	0.000000	0.000000	0.000000	5941.529092	2407.432168	3.027652	3.027652	
2016-09-08	00:42:00	0.000000	90.346974	-0.761852	0.000000	0.000000	0.000000	0.000000	0.000000	0.000000	0.000000	0.000000	99.454800	99.428297	900.847000	1118.608568	0.759827	8.655154	0.988788	0.289975	0.000000	0.000000	0.000000	0.000000	0.000000	0.000000	5941.529092	2407.432168	3.027652	3.027652	
2016-09-08	00:43:00	0.000000	90.329655	-0.707956	0.000000	0.000000	0.000000	0.000000	0.000000	0.000000	0.000000	0.000000	99.819895	99.819895	900.847000	1118.612312	0.759977	1.200000	0.988793	0.289975	0.000000	0.000000	0.000000	0.000000	0.000000	0.000000	5941.529092	2407.432168	3.027652	3.027652	
2016-09-08	00:44:00	0.000000	90.296050	-0.797761	0.000000	0.000000	0.000000	0.000000	0.000000	0.000000	0.000000	0.000000	98.715935	98.723030	900.847000	1118.617706	0.760034	18.747603	0.988785	0.289975	0.000000	0.000000	0.000000	0.000000	0.000000	0.000000	5941.529092	2407.432168	3.027652	3.027652	
2016-09-08	00:45:00	0.000000	90.282610	-0.744890	0.000000	0.000000	0.000000	0.000000	0.000000	0.000000	0.000000	0.000000	98.898853	98.859070	900.847000	1118.621649	0.760629	22.540948	0.988762	0.289975	0.000000	0.000000	0.000000	0.000000	0.000000	0.000000	5941.529092	2407.432168	3.027652	3.027652	
2016-09-08	00:46:00	0.000000	90.268736	-0.787743	0.000000	0.000000	0.000000	0.000000	0.000000	0.000000	0.000000	0.000000	98.742766	98.526294	900.847000	1118.624872	0.760566	22.739438	0.988743	0.289975	0.000000	0.000000	0.000000	0.000000	0.000000	0.000000	5941.529092	2407.432168	3.027652	3.027652	
2016-09-08	00:47:00	0.000000	90.235060	-0.762208	0.000000	0.000000	0.000000	0.000000	0.000000	0.000000	0.000000	0.000000	99.135461	99.085740	900.847000	1118.630217	0.760700	14.283376	0.988746	0.289975	0.000000	0.000000	0.000000	0.000000	0.000000	0.000000	5941.529092	2407.432168	3.027652	3.027652	
2016-09-08	00:48:00	0.000000	90.218359	-0.749469	0.000000	0.000000	0.000000	0.000000	0.000000	0.000000	0.000000	0.000000	99.347026	99.200035	900.847000	1118.632183	0.760541	12.876770	0.988749	0.289975	0.000000	0.000000	0.000000	0.000000	0.000000	0.000000	5941.529092	2407.432168	3.027652	3.027652	
2016-09-08	00:49:00	0.000000	90.205825	-0.704541	0.000000	0.000000	0.000000	0.000000	0.000000	0.000000	0.000000	0.000000	99.846134	99.874364	900.847000	1118.635466	0.759431	3.516746	0.988693	0.289975	0.000000	0.000000	0.000000	0.000000	0.000000	0.000000	5941.529092	2407.432168	3.027652	3.027652	
2016-09-08	00:50:00	0.000000	90.157737	-0.738535	0.000000	0.000000	0.000000	0.000000	0.000000	0.000000	0.000000	0.000000	99.542124	99.312116	900.847000	1118.641510	0.759513	6.282131	0.988526	0.289975	0.000000	0.000000	0.000000	0.000000	0.000000	0.000000	5941.529092	2407.432168	3.027652	3.027652	
2016-09-08	00:51:00	0.000000	90.128078	-0.756246	0.000000	0.000000	0.000000	0.000000	0.000000	0.000000	0.000000	0.000000	99.133970	98.985970	900.847000	1118.648347	0.758919	18.528315	0.988436	0.289975	0.000000	0.000000	0.000000	0.000000	0.000000	0.000000	5941.529092	2407.432168	3.027652	3.027652	
2016-09-08	00:52:00	0.000000	90.103423	-0.760150	0.000000	0.000000	0.000000	0.000000	0.000000	0.000000	0.000000	0.000000	99.196733	98.990212	900.847000	1118.653696	0.760585	18.142798	0.988311	0.289975	0.000000	0.000000	0.000000	0.000000	0.000000	0.000000	5941.529092	2407.432168	3.027652	3.027652	
2016-09-08	00:53:00	0.000000	90.099681	-0.816024	0.000000	0.000000	0.000000	0.000000	0.000000	0.000000	0.000000	0.000000	98.520547	98.677295	900.847000	1118.654164	0.760491	25.843056	0.988342	0.289975	0.000000	0.000000	0.000000	0.000000	0.000000	0.000000	5941.529092	2407.432168	3.027652	3.027652	
2016-09-08	00:54:00	0.000000	90.063772	-0.831844	0.000000	0.000000	0.000000	0.000000	0.000000	0.000000	0.000000	0.000000	98.626554	98.573604	900.847000	1118.659256	0.760126	27.494645	0.988309	0.289975	0.000000	0.000000	0.000000	0.000000	0.000000	0.000000	5941.529092	2407.432168	3.027652	3.027652	
2016-09-08	00:55:00	0.000000	90.046072	-0.798812	0.000000	0.000000	0.000000	0.000000	0.000000	0.000000	0.000000	0.000000	98.990751	99.084320	900.847000	1118.663231	0.760244	10.990570	0.988300	0.289975	0.000000	0.000000	0.000000	0.000000	0.000000	0.000000	5941.529092	2407.432168	3.027652	3.027652	
2016-09-08	00:56:00	0.000000	90.009525	-0.829478	0.000000	0.000000	0.000000	0.000000	0.000000	0.000000	0.000000	0.000000	98.848938	98.705248	900.847000	1118.668628	0.760573	17.734280	0.988330	0.289975	0.000000	0.000000	0.000000	0.000000	0.000000	0.000000	5941.529092	2407.432168	3.027652	3.027652	
2016-09-08	00:57:00	0.000000	90.000598	-0.874904	0.000000	0.000000	0.000000	0.000000	0.000000	0.000000	0.000000	0.000000	98.412532	98.412532	900.847000	1118.670824	0.760813	15.929199	0.988362	0.289975	0.000000	0.000000	0.000000	0.000000	0.000000	0.000000	5941.529092	2407.432168	3.027652	3.027652	
2016-09-08	00:58:00	0.000000	89.976902	-0.796930	0.000000	0.000000	0.000000	0.000000	0.000000	0.000000	0.000000	0.000000	99.118456	99.016501	900.847000	1118.674669	0.761690	6.699954	0.988424	0.289975	0.000000	0.000000	0.000000	0.000000	0.000000	0.000000	5941.529092	2407.432168	3.027652	3.027652	
2016-09-08	00:59:00	0.000000	89.964137	-0.749187	0.000000	0.000000	0.000000	0.000000	0.000000	0.000000	0.000000	0.000000	99.049128	99.049128	900.847000	1118.677340	0.761162	15.239522	0.988450	0.289975	0.000000	0.000000	0.000000	0.000000	0.000000	0.000000	5941.529092	2407.432168	3.027652	3.027652	
2016-09-08	01:00:00	0.000000	89.926418	-0.724126	0.000000	0.000000	0.000000	0.000000	0.000000	0.000000	0.000000	0.000000	99.736661	99.633966	900.847000	1118.683373	0.761194	9.275657	0.988451	0.289975	0.000000	0.000000	0.000000	0.000000	0.000000	0.000000	5941.529092	2407.432168	3.027652	3.027652	
2016-09-08	01:01:00	0.000000	89.901801	-0.770421	0.000000	0.000000	0.000000	0.000000	0.000000	0.000000	0.000000	0.000000	98.855904	99.040165	900.847000	1118.688606	0.760433	10.948830	0.988480	0.289975	0.000000	0.000000	0.000000	0.000000	0.000000	0.000000	5941.529092	2407.432168	3.027652	3.027652	
2016-09-08	01:02:00	0.000000	89.866515	-0.787635	0.000000	0.000000	0.000000	0.000000	0.000000	0.000000	0.000000	0.000000	98.727076	98.754920	900.847000	1118.693811	0.760745	18.473169	0.988467	0.289975	0.000000	0.000000	0.000000	0.000000	0.000000	0.000000	5941.529092	2407.432168	3.027652	3.027652	
2016-09-08	01:03:00	0.000000	89.850527	-0.713171	0.000000	0.000000	0.000000	0.000000	0.000000	0.000000	0.000000	0.000000	99.192575	99.179486	900.847000	1118.697569	0.761760	25.564714	0.988502	0.289975	0.000000	0.000000	0.000000	0.000000	0.000000	0.000000	5941.529092	2407.432168	3.027652	3.027652	
2016-09-08	01:04:00	0.000000	89.819960	-0.828660	0.000000	0.000000	0.000000	0.000000	0.000000	0.000000	0.000000	0.000000	98.815000	98.749567	900.847000	1118.702863	0.761423	11.849898	0.988531	0.289975	0.000000	0.000000	0.000000	0.000000	0.000000	0.000000	5941.529092	2407.432168	3.027652	3.027652	
2016-09-08	01:05:00	0.000000	89.805074	-0.766230	0.000000	0.000000	0.000000	0.000000	0.000000	0.000000	0.000000	0.000000	99.188925	99.188925	900.847000	1118.705330	0.760534	9.682481	0.988542	0.289975	0.000000	0.000000	0.000000	0.000000	0.000000	0.000000	5941.529092	2407.432168	3.027652	3.027652	
2016-09-08	01:06:00	0.000000	89.794877	-0.758012	0.000000	0.000000	0.000000	0.000000	0.000000	0.000000	0.000000	0.000000	98.970868	98.970868	900.847000	1118.707526	0.760269	12.016552	0.988534	0.289975	0.000000	0.000000	0.000000	0.000000	0.000000	0.000000	5941.529092	2407.432168	3.027652	3.027652	
2016-09-08	01:07:00	0.000000	89.765894	-0.746760	0.000000	0.000000	0.000000	0.000000	0.000000	0.000000	0.000000	0.000000	98.910699	98.844521	900.847000	1118.714053	0.759971	18.136345	0.992366	0.289975	0.000000	0.000000	0.000000	0.000000	0.000000	0.000000	5941.529092	2407.432168	3.027652	3.027652	
2016-09-08	01:08:00	0.000000	89.753831	-0.792528	0.000000	0.000000	0.000000	0.000000	0.000000	0.000000	0.000000	0.000000	99.037549	98.921489	900.847000	1118.715419	0.759798	14.347952	0.999994	0.289975	0.000000	0.000000	0.000000	0.000000	0.000000	0.000000	5941.529092	2407.432168	3.027652	3.027652	
2016-09-08	01:09:00	0.000000	89.723692	-0.829800	0.000000	0.000000	0.000000	0.000000	0.000000	0.000000	0.000000	0.000000	98.600485	98.603816	900.847000	1118.720730	0.760719	17.782125	0.999972	0.289975	0.000000	0.000000	0.000000	0.000000	0.000000	0.000000	5941.529092	2407.432168	3.027652	3.027652	
2016-09-08	01:10:00	0.000000	89.690971	-0.812284	0.000000	0.000000	0.000000	0.000000	0.000000	0.000000	0.000000	0.000000	98.602660	98.574556	900.847000	1118.726038	0.761534	17.782125	0.999923	0.289975	0.000000	0.000000	0.000000	0.000000	0.000000	0.000000	5941.529092	2407.432168	3.027652	3.027652	
2016-09-08	01:11:00	0.000000	89.651318	-0.801009	0.000000	0.000000	0.000000	0.000000	0.000000	0.000000	0.000000	0.000000	98.516475	98.528256	900.847000	1118.732763	0.760149	17.782125	0.999884	0.289975	0.000000	0.000000	0.000000	0.000000	0.000000	0.000000	5941.529092	2407.432168	3.027652	3.027652	
2016-09-08	01:12:00	0.000000	89.622982	-0.828009	0.000000	0.000000	0.000000	0.000000	0.000000	0.000000	0.000000	0.000000	98.574426	98.585655	900.847000	1118.737119	0.759768	17.782125	0.999928	0.289975	0.000000	0.000000	0.000000	0.000000	0.000000	0.000000	5941.529092	2407.432168	3.027652	3.027652	
2016-09-08	01:13:00	0.000000	89.610421	-0.816229	0.000000	0.000000	0.000000	0.000000	0.000000	0.000000	0.000000	0.000000	98.549515	98.553100	900.847000	1118.739537	0.759843	17.782125	0.999866	0.289975	0.000000	0.000000	0.000000	0.000000	0.000000	0.000000	5941.529092	2407.432168	3.027652	3.027652	
2016-09-08	01:14:00	0.000000	89.557041	-0.811537	0.000000	0.000000	0.000000	0.000000	0.000000	0.000000	0.000000	0.000000	98.770917	98.744636	900.847000	1118.748979	0.760520	17.782125	0.999892	0.289975	0.000000	0.000000	0.000000	0.000000	0.000000	0.000000	5941.529092	2407.432168	3.027652	3.027652	
2016-09-08	01:15:00	0.000000	89.560703	-0.828282	0.000000	0.000000	0.000000	0.000000	0.000000	0.000000	0.000000	0.000000	98.587365	98.582572	900.847000	1118.749914	0.760778	17.782125	0.999936	0.289975	0.000000	0.000000	0.000000	0.000000	0.000000	0.000000	5941.529092	2407.432168	3.027652	3.027652	
2016-09-08	01:16:00	0.000000	89.534219	-0.691652	0.000000	0.000000	0.000000	0.000000	0.000000	0.000000	0.000000	0.000000	99.643789	99.821845	900.847000	1118.753709	0.760565	4.815453	0.999934	0.289975	0.000000	0.000000	0.000000	0.000000	0.000000	0.000000	5941.529092	2407.432168	3.027652	3.027652	
2016-09-08	01:17:00	0.000000	89.490396	-0.646877	0.000000	0.000000	0.000000	0.000000	0.000000	0.000000	0.000000	0.000000	99.999813	99.999857	900.847000	1118.760384	0.760451	4.815453	0.999941	0.289975	0.000000	0.000000	0.000000	0.000000	0.000000	0.000000	5941.529092	2407.432168	3.027652	3.027652	
2016-09-08	01:18:00	0.000000	89.478925	-0.654153	0.000000	0.000000	0.000000	0.000000	0.000000	0.000000	0.000000	0.000000	99.999900	99.999900	900.847000	1118.764354	0.761250	4.815453	0.999943	0.289975	0.000000	0.000000	0.000000	0.000000	0.000000	0.000000	5941.529092	2407.432168	3.027652	3.027652	
2016-09-08	01:19:00	0.000000	89.462870	-0.640713	0.000000	0.000000	0.000000	0.000000	0.000000	0.000000	0.000000	0.000000	99.999900	99.999900	900.847000	1118.765994	0.761671	4.815453	0.999993	0.289975	0.000000	0.000000	0.000000	0.000000	0.000000	0.000000	5941.529092	2407.432168	3.027652	3.027652	
2016-09-08	01:20:00	0.000000	89.429496	-0.717505	0.000000	0.000000	0.000000	0.000000	0.000000	0.000000	0.000000	0.000000	99.464361	99.464361	900.847000	1118.772221	0.761382	10.783202	0.999976	0.289975	0.000000	0.000000	0.000000	0.000000	0.000000	0.000000	5941.529092	2407.432168	3.027652	3.027652	
2016-09-08	01:21:00	0.000000	89.405436	-0.786496	0.000000	0.000000	0.000000	0.000000	0.000000	0.000000	0.000000	0.000000	98.822053	98.928821	900.847000	1118.776634	0.760811	13.453601	0.999972	0.289975	0.000000	0.000000	0.000000	0.000000	0.000000	0.000000	5941.529092	2407.432168	3.027652	3.027652	
2016-09-08	01:22:00	0.000000	89.376801	-0.827156	0.000000	0.000000	0.000000	0.000000	0.000000	0.000000	0.000000	0.000000	98.529297	98.592369	900.847000	1118.781654	0.761638	18.607322	0.999920	0.289975	0.000000	0.000000	0.000000	0.000000	0.000000	0.000000	5941.529092	2407.432168	3.027652	3.027652	
2016-09-08	01:23:00	0.000000	89.350861	-0.841655	0.000000	0.000000	0.000000	0.000000	0.000000	0.000000	0.000000	0.000000	98.572506	98.572506	900.847000	1118.786525	0.760619	18.607322	0.999756	0.289975	0.000000	0.000000	0.000000	0.000000	0.000000	0.000000	5941.529092	2407.432168	3.027652	3.027652	
2016-09-08	01:24:00	0.000000	89.307510	-0.832288	0.000000	0.000000	0.000000	0.000000	0.000000	0.000000	0.000000	0.000000	98.611701	98.527102	900.847000	1118.793573	0.760916	18.607322	0.999753	0.289975	0.000000	0.000000	0.000000	0.000000	0.000000	0.000000	5941.529092	2407.432168	3.027652	3.027652	
2016-09-08	01:25:00	0.000000	89.303102	-0.833423	0.000000	0.000000	0.000000	0.000000	0.000000	0.000000	0.000000	0.000000	98.557770	98.545223	900.847000	1118.793412	0.759768	18.607322	0.999736	0.289975	0.000000	0.000000	0.000000	0.000000	0.000000	0.000000	5941.529092	2407.432168	3.027652	3.027652	
2016-09-08	01:26:00	0.000000	89.278228	-0.820818	0.000000	0.000000	0.000000	0.000000	0.000000	0.000000	0.000000	0.000000	98.496548	98.395026	900.847000	1118.798735	0.760756	18.607322	0.999729	0.289975	0.000000	0.000000	0.000000	0.000000	0.000000	0.000000	5941.529092	2407.432168	3.027652	3.027652	
2016-09-08	01:27:00	0.000000	89.237751	-0.831123	0.000000	0.000000	0.000000	0.000000	0.000000	0.000000	0.000000	0.000000	98.629280	98.612752	900.847000	1118.808014	0.760951	18.607322	0.999769	0.289975	0.000000	0.000000	0.000000	0.000000	0.000000	0.000000	5941.529092	2407.432168	3.027652	3.027652	
2016-09-08	01:28:00	0.000000	89.221291	-0.831902	0.000000	0.000000	0.000000	0.000000	0.000000	0.000000	0.000000	0.000000	98.694925	98.633015	900.847000	1118.809433	0.761093	18.607322	0.999757	0.289975	0.000000	0.000000	0.000000	0.000000	0.000000	0.000000	5941.529092	2407.432168	3.027652	3.027652	
2016-09-08	01:29:00	0.000000	89.195671	-0.802776	0.000000	0.000000	0.000000	0.000000	0.000000	0.000000	0.000000	0.000000	98.869094	98.901525	900.847000	1118.813485	0.760280	11.673640	0.999809	0.289975	0.000000	0.000000	0.000000	0.000000	0.000000	0.000000	5941.529092	2407.432168	3.027652	3.027652	
2016-09-08	01:30:00	0.000000	89.169248	-0.775098	0.000000	0.000000	0.000000	0.000000	0.000000	0.000000	0.000000	0.000000	98.783727	98.783727	900.847000	1118.817961	0.760013	14.759663	0.999807	0.289975	0.000000	0.000000	0.000000	0.000000	0.000000	0.000000	5941.529092	2407.432168	3.027652	3.027652	
2016-09-08	01:31:00	0.000000	89.147114	-0.765808	0.000000	0.000000	0.000000	0.000000	0.000000	0.000000	0.000000	0.000000	99.131568	99.029536	900.847000	1118.822087	0.760256	9.956663	0.999806	0.289975	0.000000	0.000000	0.000000	0.000000	0.000000	0.000000	5941.529092	2407.432168	3.027652	3.027652	
2016-09-08	01:32:00	0.000000	89.121464	-0.782295	0.000000	0.000000	0.000000	0.000000	0.000000	0.000000	0.000000	0.000000	99.013506	99.155724	900.847000	1118.826274	0.760564	5.461501	0.999834	0.289975	0.000000	0.000000	0.000000	0.000000	0.000000	0.000000	5941.529092	2407.432168	3.027652	3.027652	
2016-09-08	01:33:00	0.000000	89.104707	-0.843537	0.000000	0.000000	0.000000	0.000000	0.000000	0.000000	0.000000	0.000000	98.415896	98.410210	900.847000	1118.829216	0.760739	18.265418	0.999836	0.289975	0.000000	0.000000	0.000000	0.000000	0.000000	0.000000	5941.529092	2407.432168	3.027652	3.027652	
2016-09-08	01:34:00	0.000000	89.074708	-0.783165	0.000000	0.000000	0.000000	0.000000	0.000000	0.000000	0.000000	0.000000	99.052901	99.165577	900.847000	1118.835500	0.760505	12.154997	0.999820	0.289975	0.000000	0.000000	0.000000	0.000000	0.000000	0.000000	5941.529092	2407.432168	3.027652	3.027652	
2016-09-08	01:35:00	0.000000	89.022539	-0.801695	0.000000	0.000000	0.000000	0.000000	0.000000	0.000000	0.000000	0.000000	98.747960	98.951161	900.847000	1118.842512	0.760583	18.751638	0.999836	0.289975	0.000000	0.000000	0.000000	0.000000	0.000000	0.000000	5941.529092	2407.432168	3.027652	3.027652	
2016-09-08	01:36:00	0.000000	89.018189	-0.730418	0.000000	0.000000	0.000000	0.000000	0.000000	0.000000	0.000000	0.000000	99.402052	99.517025	900.847000	1118.845637	0.760692	9.687659	0.999813	0.289975	0.000000	0.000000	0.000000	0.000000	0.000000	0.000000	5941.529092	2407.432168	3.027652	3.027652	
2016-09-08	01:37:00	0.000000	88.985572	-0.737750	0.000000	0.000000	0.000000	0.000000	0.000000	0.000000	0.000000	0.000000	99.402673	99.212696	900.847000	1118.851119	0.760101	15.791030	0.999807	0.289975	0.000000	0.000000	0.000000	0.000000	0.000000	0.000000	5941.529092	2407.432168	3.027652	3.027652	
2016-09-08	01:38:00	0.000000	88.957206	-0.725600	0.000000	0.000000	0.000000	0.000000	0.000000	0.000000	0.000000	0.000000	99.301662	99.301662	900.847000	1118.855467	0.761735	18.826940	0.999787	0.289975	0.000000	0.000000	0.000000	0.000000	0.000000	0.000000	5941.529092	2407.432168	3.027652	3.027652	
2016-09-08	01:39:00	0.000000	88.950170	-0.864841	0.000000	0.000000	0.000000	0.000000	0.000000	0.000000	0.000000	0.000000	98.570195	98.570195	900.847000	1118.856772	0.762485	15.327662	0.999727	0.289975	0.000000	0.000000	0.000000	0.000000	0.000000	0.000000	5941.529092	2407.432168	3.027652	3.027652	
2016-09-08	01:40:00	0.000000	88.928742	-0.757765	0.000000	0.000000	0.000000	0.000000	0.000000	0.000000	0.000000	0.000000	99.235247	99.323231	900.847000	1118.860464	0.761265	13.191257	0.999680	0.289975	0.000000	0.000000	0.000000	0.000000	0.000000	0.000000	5941.529092	2407.432168	3.027652	3.027652	
2016-09-08	01:41:00	0.000000	88.913972	-0.853462	0.000000	0.000000	0.000000	0.000000	0.000000	0.000000	0.000000	0.000000	98.311605	98.380326	900.847000	1118.863035	0.761070	25.441090	0.999670	0.289975	0.000000	0.000000	0.000000	0.000000	0.000000	0.000000	5941.529092	2407.432168	3.027652	3.027652	
2016-09-08	01:42:00	0.000000	88.891903	-0.800521	0.000000	0.000000	0.000000	0.000000	0.000000	0.000000	0.000000	0.000000	98.679895	98.763397	900.847000	1118.866308	0.761336	18.616273	0.999650	0.289975	0.000000	0.000000	0.000000	0.000000	0.000000	0.000000	5941.529092	2407.432168	3.027652	3.027652	
2016-09-08	01:43:00	0.000000	88.838477	-0.761453	0.000000	0.000000	0.000000	0.000000	0.000000	0.000000	0.000000	0.000000	99.142927	99.167850	900.847000	1118.875791	0.760367	12.232214	0.999657	0.289975	0.000000	0.000000	0.000000	0.000000	0.000000	0.000000	5941.529092	2407.432168	3.027652	3.027652	
2016-09-08	01:44:00	0.000000	88.816468	-0.790345	0.000000	0.000000	0.000000	0.000000	0.000000	0.000000	0.000000	0.000000	99.317877	99.144272	900.847000	1118.879776	0.761090	5.871199	0.999683	0.289975	0.000000	0.000000	0.000000	0.000000	0.000000	0.000000	5941.529092	2407.432168	3.027652	3.027652	
2016-09-08	01:45:00	0.000000	88.787120	-0.754405	0.000000	0.000000	0.000000	0.000000	0.000000	0.000000	0.000000	0.000000	99.255663	99.035829	900.847000	1118.884752	0.761386	10.539210	0.999460	0.289975	0.000000	0.000000	0.000000	0.000000	0.000000	0.000000	5941.529092	2407.432168	3.027652	3.027652	
2016-09-08	01:46:00	0.000000	88.775238	-0.783510	0.000000	0.000000	0.000000	0.000000	0.000000	0.000000	0.000000	0.000000	99.241843	99.024171	900.847000	1118.887167	0.762058	6.255682	0.999503	0.289975	0.000000	0.000000	0.000000	0.000000	0.000000	0.000000	5941.529092	2407.432168	3.027652	3.027652	
2016-09-08	01:47:00	0.000000	88.753595	-0.801358	0.000000	0.000000	0.000000	0.000000	0.000000	0.000000	0.000000	0.000000	99.121509	99.121509	900.847000	1118.891252	0.761604	11.467640	0.999461	0.289975	0.000000	0.000000	0.000000	0.000000	0.000000	0.000000	5941.529092	2407.432168	3.027652	3.027652	
2016-09-08	01:48:00	0.000000	88.727608	-0.761133	0.000000	0.000000	0.000000	0.000000	0.000000	0.000000	0.000000	0.000000	99.096902	98.998534	900.847000	1118.895609	0.760599	21.716368	0.999494	0.289975	0.000000	0.000000	0.000000	0.000000	0.000000	0.000000	5941.529092	2407.432168	3.027652	3.027652	
2016-09-08	01:49:00	0.000000	88.706413	-0.819610	0.000000	0.000000	0.000000	0.000000	0.000000	0.000000	0.000000	0.000000	98.961502	98.919759	900.847000	1118.900058	0.760852	10.261835	0.999370	0.289975	0.000000	0.000000	0.000000	0.000000	0.000000	0.000000	5941.529092	2407.432168	3.027652	3.027652	
2016-09-08	01:50:00	0.000000	88.670919	-0.761487	0.000000	0.000000	0.000000	0.000000	0.000000	0.000000	0.000000	0.000000	99.241599	98.909948	900.847000	1118.906399	0.761739	15.318993	0.999292	0.289975	0.000000	0.000000	0.000000	0.000000	0.000000	0.000000	5941.529092	2407.432168	3.027652	3.027652	
2016-09-08	01:51:00	0.000000	88.626806	-0.728875	0.000000	0.000000	0.000000	0.000000	0.000000	0.000000	0.000000	0.000000	99.654602	99.827251	900.847000	1118.912157	0.762369	8.862878	0.999311	0.289975	0.000000	0.000000	0.000000	0.000000	0.000000	0.000000	5941.529092	2407.432168	3.027652	3.027652	
2016-09-08	01:52:00	0.000000	88.613952	-0.745382	0.000000	0.000000	0.000000	0.000000	0.000000	0.000000	0.000000	0.000000	99.024084	98.905659	900.847000	1118.915047	0.762323	14.486009	0.999305	0.289975	0.000000	0.000000	0.000000	0.000000	0.000000	0.000000	5941.529092	2407.432168	3.027652	3.027652	
2016-09-08	01:53:00	0.000000	88.590407	-0.792706	0.000000	0.000000	0.000000	0.000000	0.000000	0.000000	0.000000	0.000000	99.169652	99.288661	900.847000	1118.919265	0.761379	10.889333	0.999286	0.289975	0.000000	0.000000	0.000000	0.000000	0.000000	0.000000	5941.529092	2407.432168	3.027652	3.027652	
2016-09-08	01:54:00	0.000000	88.559370	-0.821174	0.000000	0.000000	0.000000	0.000000	0.000000	0.000000	0.000000	0.000000	98.778623	98.848643	900.847000	1118.924916	0.761433	20.190211	0.999245	0.289975	0.000000	0.000000	0.000000	0.000000	0.000000	0.000000	5941.529092	2407.432168	3.027652	3.027652	
2016-09-08	01:55:00	0.000000	88.520513	-0.833596	0.000000	0.000000	0.000000	0.000000	0.000000	0.000000	0.000000	0.000000	99.040268	99.040268	900.847000	1118.931259	0.761742	3.790513	0.999276	0.289975	0.000000	0.000000	0.000000	0.000000	0.000000	0.000000	5941.529092	2407.432168	3.027652	3.027652	
2016-09-08	01:56:00	0.000000	88.485987	-0.840615	0.000000	0.000000	0.000000	0.000000	0.000000	0.000000	0.000000	0.000000	98.657320	98.559137	900.847000	1118.936567	0.761798	12.837962	0.999259	0.289975	0.000000	0.000000	0.000000	0.000000	0.000000	0.000000	5941.529092	2407.432168	3.027652	3.027652	
2016-09-08	01:57:00	0.000000	88.461739	-0.749308	0.000000	0.000000	0.000000	0.000000	0.000000	0.000000	0.000000	0.000000	99.624202	99.468379	900.847000	1118.942928	0.760870	6.009557	0.999236	0.289975	0.000000	0.000000	0.000000	0.000000	0.000000	0.000000	5941.529092	2407.432168	3.027652	3.027652	
2016-09-08	01:58:00	0.000000	88.419477	-0.791680	0.000000	0.000000	0.000000	0.000000	0.000000	0.000000	0.000000	0.000000	99.118135	99.129112	900.847000	1118.949191	0.760850	12.668272	0.999094	0.289975	0.000000	0.000000	0.000000	0.000000	0.000000	0.000000	5941.529092	2407.432168	3.027652	3.027652	
2016-09-08	01:59:00	0.000000	88.384694	-0.801641	0.000000	0.000000	0.000000	0.000000	0.000000	0.000000	0.000000	0.000000	99.124552	99.100426	900.847000	1118.955512	0.761056	10.262436	0.999005	0.289975	0.000000	0.000000	0.000000	0.000000	0.000000	0.000000	5941.529092	2407.432168	3.027652	3.027652	
2016-09-08	02:00:00	0.000000	88.363029	-0.809779	0.000000	0.000000	0.000000	0.000000	0.000000	0.000000	0.000000	0.000000	99.188367	99.089951	900.847000	1118.958651	0.760846	9.786563	0.998998	0.289975	0.000000	0.000000	0.000000	0.000000	0.000000	0.000000	5941.529092	2407.432168	3.027652	3.027652	
2016-09-08	02:01:00	0.000000	88.332243	-0.815590	0.000000	0.000000	0.000000	0.000000	0.000000	0.000000	0.000000	0.000000	98.709003	98.651688	900.847000	1118.963876	0.760406	18.547439	0.998929	0.289975	0.000000	0.000000	0.000000	0.000000	0.000000	0.000000	5941.529092	2407.432168	3.027652	3.027652	
2016-09-08	02:02:00	0.000000	88.276204	-0.769774	0.000000	0.000000	0.000000	0.000000	0.000000	0.000000	0.000000	0.000000	98.912976	98.982594	900.847000	1118.973925	0.760358	23.576173	0.998911	0.289975	0.000000	0.000000	0.000000	0.000000	0.000000	0.000000	5941.529092	2407.432168	3.027652	3.027652	
2016-09-08	02:03:00	0.000000	88.265532	-0.746975	0.000000	0.000000	0.000000	0.000000	0.000000	0.000000	0.000000	0.000000	99.455232	99.424462	900.847000	1118.976624	0.760963	12.529801	0.998902	0.289975	0.000000	0.000000	0.000000	0.000000	0.000000	0.000000	5941.529092	2407.432168	3.027652	3.027652	
2016-09-08	02:04:00	0.000000	88.237203	-0.776423	0.000000	0.000000	0.000000	0.000000	0.000000	0.000000	0.000000	0.000000	99.560043	99.560043	900.847000	1118.980886	0.761589	3.474075	0.998882	0.289975	0.000000	0.000000	0.000000	0.000000	0.000000	0.000000	5941.529092	2407.432168	3.027652	3.027652	
2016-09-08	02:05:00	0.000000	88.212182	-0.789473	0.000000	0.000000	0.000000	0.000000	0.000000	0.000000	0.000000	0.000000	98.922376	99.086496	900.847000	1118.985191	0.759985	16.217865	0.998836	0.289975	0.000000	0.000000	0.000000	0.000000	0.000000	0.000000	5941.529092	2407.432168	3.027652	3.027652	
2016-09-08	02:06:00	0.000000	88.188383	-0.781063	0.000000	0.000000	0.000000	0.000000	0.000000	0.000000	0.000000	0.000000	99.147070	99.247817	900.847000	1118.990194	0.760223	20.355331	0.998858	0.289975	0.000000	0.000000	0.000000	0.000000	0.000000	0.000000	5941.529092	2407.432168	3.027652	3.027652	
2016-09-08	02:07:00	0.000000	88.150756	-0.830109	0.000000	0.000000	0.000000	0.000000	0.000000	0.000000	0.000000	0.000000	99.073444	98.855293	900.847000	1118.996389	0.761337	10.027323	0.998920	0.289975	0.000000	0.000000	0.000000	0.000000	0.000000	0.000000	5941.529092	2407.432168	3.027652	3.027652	
2016-09-08	02:08:00	0.000000	88.142657	-0.815496	0.000000	0.000000	0.000000	0.000000	0.000000	0.000000	0.000000	0.000000	99.149991	99.203694	900.847000	1118.998247	0.761908	5.462840	0.998887	0.289975	0.000000	0.000000	0.000000	0.000000	0.000000	0.000000	5941.529092	2407.432168	3.027652	3.027652	
2016-09-08	02:09:00	0.000000	88.102909	-0.771795	0.000000	0.000000	0.000000	0.000000	0.000000	0.000000	0.000000	0.000000	99.249013	99.253693	900.847000	1119.004256	0.762120	12.150166	0.998897	0.289975	0.000000	0.000000	0.000000	0.000000	0.000000	0.000000	5941.529092	2407.432168	3.027652	3.027652	
2016-09-08	02:10:00	0.000000	88.090760	-0.770960	0.000000	0.000000	0.000000	0.000000	0.000000	0.000000	0.000000	0.000000	99.502470	99.502470	900.847000	1119.006540	0.761636	9.818316	0.998880	0.289975	0.000000	0.000000	0.000000	0.000000	0.000000	0.000000	5941.529092	2407.432168	3.027652	3.027652	
2016-09-08	02:11:00	0.000000	88.058953	-0.846983	0.000000	0.000000	0.000000	0.000000	0.000000	0.000000	0.000000	0.000000	98.476660	98.475919	900.847000	1119.011260	0.761377	25.724219	0.998781	0.289975	0.000000	0.000000	0.000000	0.000000	0.000000	0.000000	5941.529092	2407.432168	3.027652	3.027652	
2016-09-08	02:12:00	0.000000	88.012433	-0.847945	0.000000	0.000000	0.000000	0.000000	0.000000	0.000000	0.000000	0.000000	98.820196	98.953871	900.847000	1119.018522	0.762076	14.456674	0.998712	0.289975	0.000000	0.000000	0.000000	0.000000	0.000000	0.000000	5941.529092	2407.432168	3.027652	3.027652	
2016-09-08	02:13:00	0.000000	88.022636	-0.803678	0.000000	0.000000	0.000000	0.000000	0.000000	0.000000	0.000000	0.000000	98.796808	98.703507	900.847000	1119.018946	0.762315	28.804286	0.998732	0.289975	0.000000	0.000000	0.000000	0.000000	0.000000	0.000000	5941.529092	2407.432168	3.027652	3.027652	
2016-09-08	02:14:00	0.000000	87.979959	-0.839774	0.000000	0.000000	0.000000	0.000000	0.000000	0.000000	0.000000	0.000000	99.117345	98.945526	900.847000	1119.024182	0.762342	6.563942	0.998674	0.289975	0.000000	0.000000	0.000000	0.000000	0.000000	0.000000	5941.529092	2407.432168	3.027652	3.027652	
2016-09-08	02:15:00	0.000000	87.960358	-0.819181	0.000000	0.000000	0.000000	0.000000	0.000000	0.000000	0.000000	0.000000	99.043048	99.006782	900.847000	1119.028420	0.762086	10.988090	0.998668	0.289975	0.000000	0.000000	0.000000	0.000000	0.000000	0.000000	5941.529092	2407.432168	3.027652	3.027652	
2016-09-08	02:16:00	0.000000	87.923300	-0.833458	0.000000	0.000000	0.000000	0.000000	0.000000	0.000000	0.000000	0.000000	98.811345	98.799738	900.847000	1119.035286	0.761695	16.066282	0.998562	0.289975	0.000000	0.000000	0.000000	0.000000	0.000000	0.000000	5941.529092	2407.432168	3.027652	3.027652	
2016-09-08	02:17:00	0.000000	87.879954	-0.847394	0.000000	0.000000	0.000000	0.000000	0.000000	0.000000	0.000000	0.000000	98.571047	98.542732	900.847000	1119.042891	0.762164	22.949484	0.998625	0.289975	0.000000	0.000000	0.000000	0.000000	0.000000	0.000000	5941.529092	2407.432168	3.027652	3.027652	
2016-09-08	02:18:00	0.000000	87.874350	-0.846348	0.000000	0.000000	0.000000	0.000000	0.000000	0.000000	0.000000	0.000000	98.849765	98.849765	900.847000	1119.044305	0.762416	15.456637	0.998633	0.289975	0.000000	0.000000	0.000000	0.000000	0.000000	0.000000	5941.529092	2407.432168	3.027652	3.027652	
2016-09-08	02:19:00	0.000000	87.852591	-0.812340	0.000000	0.000000	0.000000	0.000000	0.000000	0.000000	0.000000	0.000000	98.921715	98.910853	900.847000	1119.048185	0.763262	10.780457	0.998642	0.289975	0.000000	0.000000	0.000000	0.000000	0.000000	0.000000	5941.529092	2407.432168	3.027652	3.027652	
2016-09-08	02:20:00	0.000000	87.822561	-0.808726	0.000000	0.000000	0.000000	0.000000	0.000000	0.000000	0.000000	0.000000	99.144003	99.108612	900.847000	1119.053002	0.762419	6.599598	0.998613	0.289975	0.000000	0.000000	0.000000	0.000000	0.000000	0.000000	5941.529092	2407.432168	3.027652	3.027652	
2016-09-08	02:21:00	0.000000	87.796865	-0.770332	0.000000	0.000000	0.000000	0.000000	0.000000	0.000000	0.000000	0.000000	99.489641	99.263296	900.847000	1119.058211	0.762263	11.331840	0.998488	0.289975	0.000000	0.000000	0.000000	0.000000	0.000000	0.000000	5941.529092	2407.432168	3.027652	3.027652	
2016-09-08	02:22:00	0.000000	87.755306	-0.842614	0.000000	0.000000	0.000000	0.000000	0.000000	0.000000	0.000000	0.000000	98.703466	98.857661	900.847000	1119.064074	0.762151	14.557564	0.998446	0.289975	0.000000	0.000000	0.000000	0.000000	0.000000	0.000000	5941.529092	2407.432168	3.027652	3.027652	
2016-09-08	02:23:00	0.000000	87.736419	-0.862377	0.000000	0.000000	0.000000	0.000000	0.000000	0.000000	0.000000	0.000000	98.692124	98.845648	900.847000	1119.067758	0.762126	20.890020	0.998448	0.289975	0.000000	0.000000	0.000000	0.000000	0.000000	0.000000	5941.529092	2407.432168	3.027652	3.027652	
2016-09-08	02:24:00	0.000000	87.722561	-0.764444	0.000000	0.000000	0.000000	0.000000	0.000000	0.000000	0.000000	0.000000	99.457293	99.459195	900.847000	1119.070726	0.762268	12.565306	0.998397	0.289975	0.000000	0.000000	0.000000	0.000000	0.000000	0.000000	5941.529092	2407.432168	3.027652	3.027652	
2016-09-08	02:25:00	0.000000	87.701248	-0.805470	0.000000	0.000000	0.000000	0.000000	0.000000	0.000000	0.000000	0.000000	98.938671	98.820630	900.847000	1119.074407	0.762583	22.326105	0.998392	0.289975	0.000000	0.000000	0.000000	0.000000	0.000000	0.000000	5941.529092	2407.432168	3.027652	3.027652	
2016-09-08	02:26:00	0.000000	87.670758	-0.828544	0.000000	0.000000	0.000000	0.000000	0.000000	0.000000	0.000000	0.000000	98.828168	98.828168	900.847000	1119.079077	0.763422	18.748138	0.998354	0.289975	0.000000	0.000000	0.000000	0.000000	0.000000	0.000000	5941.529092	2407.432168	3.027652	3.027652	
2016-09-08	02:27:00	0.000000	87.632199	-0.769455	0.000000	0.000000	0.000000	0.000000	0.000000	0.000000	0.000000	0.000000	99.313240	99.362536	900.847000	1119.085178	0.763519	14.597897	0.998422	0.289975	0.000000	0.000000	0.000000	0.000000	0.000000	0.000000	5941.529092	2407.432168	3.027652	3.027652	
2016-09-08	02:28:00	0.000000	87.610131	-0.760130	0.000000	0.000000	0.000000	0.000000	0.000000	0.000000	0.000000	0.000000	99.352746	99.073544	900.847000	1119.090170	0.764013	16.077031	0.998417	0.289975	0.000000	0.000000	0.000000	0.000000	0.000000	0.000000	5941.529092	2407.432168	3.027652	3.027652	
2016-09-08	02:29:00	0.000000	87.575118	-0.807789	0.000000	0.000000	0.000000	0.000000	0.000000	0.000000	0.000000	0.000000	98.834685	98.946166	900.847000	1119.096331	0.762909	24.114994	0.998446	0.289975	0.000000	0.000000	0.000000	0.000000	0.000000	0.000000	5941.529092	2407.432168	3.027652	3.027652	
2016-09-08	02:30:00	0.000000	87.542519	-0.801898	0.000000	0.000000	0.000000	0.000000	0.000000	0.000000	0.000000	0.000000	99.039439	98.803779	900.847000	1119.099770	0.762824	23.772907	0.998452	0.289975	0.000000	0.000000	0.000000	0.000000	0.000000	0.000000	5941.529092	2407.432168	3.027652	3.027652	
2016-09-08	02:31:00	0.000000	87.529591	-0.831415	0.000000	0.000000	0.000000	0.000000	0.000000	0.000000	0.000000	0.000000	98.904163	99.055995	900.847000	1119.103025	0.763355	20.879582	0.998516	0.289975	0.000000	0.000000	0.000000	0.000000	0.000000	0.000000	5941.529092	2407.432168	3.027652	3.027652	
2016-09-08	02:32:00	0.000000	87.497268	-0.810264	0.000000	0.000000	0.000000	0.000000	0.000000	0.000000	0.000000	0.000000	99.264490	99.264490	900.847000	1119.108569	0.762385	14.150426	0.998491	0.289975	0.000000	0.000000	0.000000	0.000000	0.000000	0.000000	5941.529092	2407.432168	3.027652	3.027652	
2016-09-08	02:33:00	0.000000	87.481949	-0.849441	0.000000	0.000000	0.000000	0.000000	0.000000	0.000000	0.000000	0.000000	98.928339	98.928339	900.847000	1119.111856	0.762020	11.160796	0.998526	0.289975	0.000000	0.000000	0.000000	0.000000	0.000000	0.000000	5941.529092	2407.432168	3.027652	3.027652	
2016-09-08	02:34:00	0.000000	87.438149	-0.770757	0.000000	0.000000	0.000000	0.000000	0.000000	0.000000	0.000000	0.000000	99.058925	99.013486	900.847000	1119.118562	0.761991	22.189750	0.998536	0.289975	0.000000	0.000000	0.000000	0.000000	0.000000	0.000000	5941.529092	2407.432168	3.027652	3.027652	
2016-09-08	02:35:00	0.000000	87.414411	-0.752195	0.000000	0.000000	0.000000	0.000000	0.000000	0.000000	0.000000	0.000000	99.492281	99.437896	900.847000	1119.123666	0.762452	7.832821	0.998521	0.289975	0.000000	0.000000	0.000000	0.000000	0.000000	0.000000	5941.529092	2407.432168	3.027652	3.027652	
2016-09-08	02:36:00	0.000000	87.377481	-0.797595	0.000000	0.000000	0.000000	0.000000	0.000000	0.000000	0.000000	0.000000	98.936472	99.052983	900.847000	1119.129481	0.762822	23.654596	0.998537	0.289975	0.000000	0.000000	0.000000	0.000000	0.000000	0.000000	5941.529092	2407.432168	3.027652	3.027652	
2016-09-08	02:37:00	0.000000	87.333855	-0.756287	0.000000	0.000000	0.000000	0.000000	0.000000	0.000000	0.000000	0.000000	99.364218	99.259853	900.847000	1119.137739	0.762061	15.081175	0.998549	0.289975	0.000000	0.000000	0.000000	0.000000	0.000000	0.000000	5941.529092	2407.432168	3.027652	3.027652	
2016-09-08	02:38:00	0.000000	87.327305	-0.868587	0.000000	0.000000	0.000000	0.000000	0.000000	0.000000	0.000000	0.000000	98.776289	99.068892	900.847000	1119.138494	0.761890	10.523925	0.998594	0.289975	0.000000	0.000000	0.000000	0.000000	0.000000	0.000000	5941.529092	2407.432168	3.027652	3.027652	
2016-09-08	02:39:00	0.000000	87.298426	-0.749389	0.000000	0.000000	0.000000	0.000000	0.000000	0.000000	0.000000	0.000000	99.611672	99.577405	900.847000	1119.143375	0.761983	6.015541	0.998628	0.289975	0.000000	0.000000	0.000000	0.000000	0.000000	0.000000	5941.529092	2407.432168	3.027652	3.027652	
2016-09-08	02:40:00	0.000000	87.266415	-0.799587	0.000000	0.000000	0.000000	0.000000	0.000000	0.000000	0.000000	0.000000	99.465328	99.292827	900.847000	1119.148949	0.762952	7.725211	0.998665	0.289975	0.000000	0.000000	0.000000	0.000000	0.000000	0.000000	5941.529092	2407.432168	3.027652	3.027652	
2016-09-08	02:41:00	0.000000	87.220885	-0.862134	0.000000	0.000000	0.000000	0.000000	0.000000	0.000000	0.000000	0.000000	98.767201	98.767201	900.847000	1119.155760	0.763151	19.297193	0.998710	0.289975	0.000000	0.000000	0.000000	0.000000	0.000000	0.000000	5941.529092	2407.432168	3.027652	3.027652	
2016-09-08	02:42:00	0.000000	87.188518	-0.798049	0.000000	0.000000	0.000000	0.000000	0.000000	0.000000	0.000000	0.000000	99.390319	99.390319	900.847000	1119.161884	0.764079	14.767462	0.998582	0.289975	0.000000	0.000000	0.000000	0.000000	0.000000	0.000000	5941.529092	2407.432168	3.027652	3.027652	
2016-09-08	02:43:00	0.000000	87.149339	-0.813656	0.000000	0.000000	0.000000	0.000000	0.000000	0.000000	0.000000	0.000000	99.184611	98.991203	900.847000	1119.167938	0.763856	9.407151	0.998504	0.289975	0.000000	0.000000	0.000000	0.000000	0.000000	0.000000	5941.529092	2407.432168	3.027652	3.027652	
2016-09-08	02:44:00	0.000000	87.119792	-0.847134	0.000000	0.000000	0.000000	0.000000	0.000000	0.000000	0.000000	0.000000	99.023982	99.371536	900.847000	1119.173061	0.763762	4.569165	0.998509	0.289975	0.000000	0.000000	0.000000	0.000000	0.000000	0.000000	5941.529092	2407.432168	3.027652	3.027652	
2016-09-08	02:45:00	0.000000	87.105044	-0.857970	0.000000	0.000000	0.000000	0.000000	0.000000	0.000000	0.000000	0.000000	98.801575	98.642357	900.847000	1119.176504	0.763408	17.722955	0.998496	0.289975	0.000000	0.000000	0.000000	0.000000	0.000000	0.000000	5941.529092	2407.432168	3.027652	3.027652	
2016-09-08	02:46:00	0.000000	87.052695	-0.885459	0.000000	0.000000	0.000000	0.000000	0.000000	0.000000	0.000000	0.000000	98.801403	98.769588	900.847000	1119.184125	0.764020	12.905477	0.998499	0.289975	0.000000	0.000000	0.000000	0.000000	0.000000	0.000000	5941.529092	2407.432168	3.027652	3.027652	
2016-09-08	02:47:00	0.000000	87.033176	-0.825288	0.000000	0.000000	0.000000	0.000000	0.000000	0.000000	0.000000	0.000000	99.037546	98.994029	900.847000	1119.188297	0.763436	16.132910	0.998512	0.289975	0.000000	0.000000	0.000000	0.000000	0.000000	0.000000	5941.529092	2407.432168	3.027652	3.027652	
2016-09-08	02:48:00	0.000000	87.022086	-0.827335	0.000000	0.000000	0.000000	0.000000	0.000000	0.000000	0.000000	0.000000	98.963000	98.967005	900.847000	1119.190362	0.763832	22.538816	0.998451	0.289975	0.000000	0.000000	0.000000	0.000000	0.000000	0.000000	5941.529092	2407.432168	3.027652	3.027652	
2016-09-08	02:49:00	0.000000	86.975922	-0.814518	0.000000	0.000000	0.000000	0.000000	0.000000	0.000000	0.000000	0.000000	99.500870	99.500870	900.847000	1119.197780	0.763580	6.283223	0.998440	0.289975	0.000000	0.000000	0.000000	0.000000	0.000000	0.000000	5941.529092	2407.432168	3.027652	3.027652	
2016-09-08	02:50:00	0.000000	86.943936	-0.888966	0.000000	0.000000	0.000000	0.000000	0.000000	0.000000	0.000000	0.000000	98.703786	98.703786	900.847000	1119.203345	0.764696	19.850730	0.998434	0.289975	0.000000	0.000000	0.000000	0.000000	0.000000	0.000000	5941.529092	2407.432168	3.027652	3.027652	
2016-09-08	02:51:00	0.000000	86.926890	-0.817268	0.000000	0.000000	0.000000	0.000000	0.000000	0.000000	0.000000	0.000000	99.390739	99.354415	900.847000	1119.207451	0.764320	10.678710	0.998458	0.289975	0.000000	0.000000	0.000000	0.000000	0.000000	0.000000	5941.529092	2407.432168	3.027652	3.027652	
2016-09-08	02:52:00	0.000000	86.896594	-0.890318	0.000000	0.000000	0.000000	0.000000	0.000000	0.000000	0.000000	0.000000	98.813202	98.734915	900.847000	1119.210343	0.764984	18.559715	0.998483	0.289975	0.000000	0.000000	0.000000	0.000000	0.000000	0.000000	5941.529092	2407.432168	3.027652	3.027652	
2016-09-08	02:53:00	0.000000	86.871291	-0.833755	0.000000	0.000000	0.000000	0.000000	0.000000	0.000000	0.000000	0.000000	99.378816	99.446697	900.847000	1119.217065	0.765010	11.395678	0.998524	0.289975	0.000000	0.000000	0.000000	0.000000	0.000000	0.000000	5941.529092	2407.432168	3.027652	3.027652	
2016-09-08	02:54:00	0.000000	86.832795	-0.874206	0.000000	0.000000	0.000000	0.000000	0.000000	0.000000	0.000000	0.000000	98.714290	98.721361	900.847000	1119.222737	0.765638	20.947358	0.998568	0.289975	0.000000	0.000000	0.000000	0.000000	0.000000	0.000000	5941.529092	2407.432168	3.027652	3.027652	
2016-09-08	02:55:00	0.000000	86.800727	-0.850256	0.000000	0.000000	0.000000	0.000000	0.000000	0.000000	0.000000	0.000000	99.260345	99.161669	900.847000	1119.227776	0.766015	14.209589	0.998607	0.289975	0.000000	0.000000	0.000000	0.000000	0.000000	0.000000	5941.529092	2407.432168	3.027652	3.027652	
2016-09-08	02:56:00	0.000000	86.769563	-0.868955	0.000000	0.000000	0.000000	0.000000	0.000000	0.000000	0.000000	0.000000	99.035448	99.040621	900.847000	1119.232101	0.766184	14.390986	0.998640	0.289975	0.000000	0.000000	0.000000	0.000000	0.000000	0.000000	5941.529092	2407.432168	3.027652	3.027652	
2016-09-08	02:57:00	0.000000	86.760757	-0.892015	0.000000	0.000000	0.000000	0.000000	0.000000	0.000000	0.000000	0.000000	98.810777	98.815324	900.847000	1119.234693	0.766154	16.959063	0.998663	0.289975	0.000000	0.000000	0.000000	0.000000	0.000000	0.000000	5941.529092	2407.432168	3.027652	3.027652	
2016-09-08	02:58:00	0.000000	86.725610	-0.893251	0.000000	0.000000	0.000000	0.000000	0.000000	0.000000	0.000000	0.000000	98.820989	98.673694	900.847000	1119.240316	0.765997	18.274861	0.998657	0.289975	0.000000	0.000000	0.000000	0.000000	0.000000	0.000000	5941.529092	2407.432168	3.027652	3.027652	
2016-09-08	02:59:00	0.000000	86.689397	-0.850879	0.000000	0.000000	0.000000	0.000000	0.000000	0.000000	0.000000	0.000000	98.987922	98.987922	900.847000	1119.246893	0.765733	20.011635	0.998669	0.289975	0.000000	0.000000	0.000000	0.000000	0.000000	0.000000	5941.529092	2407.432168	3.027652	3.027652	
2016-09-08	03:00:00	0.000000	86.663932	-0.866435	0.000000	0.000000	0.000000	0.000000	0.000000	0.000000	0.000000	0.000000	99.148724	99.170029	900.847000	1119.251217	0.766102	13.869276	0.998715	0.289975	0.000000	0.000000	0.000000	0.000000	0.000000	0.000000	5941.529092	2407.432168	3.027652	3.027652	
2016-09-08	03:01:00	0.000000	86.648374	-0.849801	0.000000	0.000000	0.000000	0.000000	0.000000	0.000000	0.000000	0.000000	99.341851	99.492515	900.847000	1119.253646	0.765286	5.364608	0.998700	0.289975	0.000000	0.000000	0.000000	0.000000	0.000000	0.000000	5941.529092	2407.432168	3.027652	3.027652	
2016-09-08	03:02:00	0.000000	86.631459	-0.850995	0.000000	0.000000	0.000000	0.000000	0.000000	0.000000	0.000000	0.000000	99.148428	99.030846	900.847000	1119.257416	0.766619	18.613374	0.998735	0.289975	0.000000	0.000000	0.000000	0.000000	0.000000	0.000000	5941.529092	2407.432168	3.027652	3.027652	
